Plot Title: Example Plot
X Label: Time (hrs)
Y Label: Mass (kg)

Data: Run 1
[1.0, 2.0, 3.0, 4.0, 5.0, 6.0, 7.0, 8.0, 9.0, 10.0]
[18.0, 61.0, 80.0, 93.0, 104.0, 115.0, 132.0, 147.0, 151.0, 171.0]

Data: Run 2
[1.0, 2.0, 3.0, 4.0, 5.0, 6.0, 7.0, 8.0, 9.0, 10.0]
[12.0, 56.0, 78.0, 98.0, 99.0, 123.0, 112.0, 124.0, 156.0, 176.0]

Data: Run 3
[1.0, 2.0, 3.0, 4.0, 5.0, 6.0, 7.0, 8.0, 9.0, 10.0]
[14.0, 63.0, 82.0, 99.0, 109.0, 121.0, 141.0, 157.0, 161.0, 169.0]

Data: Run 4
[1.0, 2.0, 3.0, 4.0, 5.0, 6.0, 7.0, 8.0, 9.0, 10.0]
[10.0, 50.0, 71.0, 88.0, 92.0, 94.0, 97.0, 99.0, 101.0, 102.0]
